475.64
432.6
474.17
426.97
483.01
456.5
487.83
450.5
462.7
448.65
443.15
433.02
432.26
470.84
466.02
477.99
480.18
426.25
436.94
444.19
440.26
450.22
437.95
452.28
436.5
446.05
467.62
474.01
441.24
440.81
434.24
459.45
482.26
478.19
480.71
442.45
442.07
438.97
461.09
461.2
444.06
440.87
440.22
428.76
465.07
461.18
439.14
440.9
488.02
450.11
433.15
474.7
452.66
488.22
454.41
427.01
462.54
445.1
426.55
432.97
485.08
483.53
459.77
430.16
435.64
489.02
444.01
443.8
443.97
437.44
475.49
467.05
442.78
475.14
460.73
433.29
430.12
455.29
428.48
483.57
486.08
473.47
453.27
445.77
438.52
481.46
447.02
456.55
459.13
463.5
476.68
454.37
461.55
440.98
486.57
436.35
458.41
474.23
448.13
473.32
434.34
439.27
449.26
468.84
470.95
444.05
471.31
474.04
475.21
462.64
483.5
453.26
454.34
477.23
429.47
483.16
439.28
486.26
431.54
467.44
426.96
463.04
464.18
438.1
438.4
457.45
438.01
432.05
437.17
454.26
485.28
450.96
447.89
448.54
449.02
444.74
464
433.3
461.78
463.27
465.63
469.23
462.12
439.34
435.51
477.14
440.74
431.58
489.36
430.73
456.08
473.29
437.57
479.53
461.86
440.96
473.88
433.31
474.1
452.33
475.58
433.75
433.7
459.39
479.65
469.8
437.7
449.6
463.09
441.94
437.93
468.87
438.16
465.74
482.46
432.39
439.13
488.42
431.26
431.29
471.13
478.03
488.17
435.34
470.39
473.43
484.57
434.91
441.66
447.14
450.46
445.07
485.58
467.3
443.87
471.42
461.63
470.19
471.47
477.57
437.47
442.28
475.37
459.47
434.8
431.65
450.44
455.97
433.64
472.4
470.56
476.06
486.79
470.92
447.65
443.59
448.8
459.16
447.44
451.95
442.16
427.22
443.91
484.21
432.07
433.82
451.58
441.2
480.79
437.42
463.78
456.78
479
447.16
442.4
431.26
443.41
435.85
445.76
433.72
431.5
465.05
433.55
456.25
464.95
443.86
451.7
464.46
437.01
438.49
470.59
449.33
460.21
433.97
470.68
445.36
444.26
474.93
443.44
442.68
454.02
476.89
444.05
444.89
430.98
437.24
432.53
472.99
478.63
482.8
447.26
438.49
472.82
446.94
477.22
467.67
471.8
447.06
460.41
454.86
468.49
452.1
453.99
466.09
464.19
470.78
439.73
442.58
443.58
442.18
472.5
435.78
440.62
453.87
453.08
442.53
440.54
449.95
429.29
435.28
446.93
466.06
476.37
445.22
439.65
467.61
449.86
470.47
483.19
461.58
435.21
440.11
451.87
436.06
444
449.8
436.71
449.63
467.33
482.02
441.94
469.23
481.13
483.38
438.56
472.22
442.16
470.46
435.05
473.6
466.71
448.69
437.54
467.8
447.49
485.46
445.22
479.03
443.84
427.25
437.78
446.82
459.02
448.34
475.01
461.02
444.77
458.75
482.31
430.46
432.52
441.28
461.89
447.37
464.13
461.46
459.87
451.11
443.98
459.85
442.62
431.52
442.9
465.48
469.43
445.98
483.54
446.01
446.84
440.67
444.01
441.7
439.49
444.6
466.31
463.6
491.17
465.31
478.48
455.64
454.5
479.35
475.57
443.03
474.82
450.48
479.98
477.84
471.12
441.71
487.8
482.22
429.84
457.12
440.8
459.14
474.79
473.41
459.14
439.63
465.99
470.78
440.28
464.27
456.75
457.17
467.48
446.15
444.73
429.02
440.01
454.25
474.68
444.37
439.42
472.69
435.6
451.67
458.78
479.61
477.38
473.28
450.3
474.58
442.78
485.2
441.27
468.87
470.88
431.39
472.36
443.01
444.88
470.97
430.75
443.11
435.81
438.44
487.19
487.57
461.58
471.27
454.15
440.14
480.38
434.62
452.05
433.86
455.99
479.53
454.29
433.73
465.79
483.12
447.36
491.81
443.3
443.46
448.97
426.88
469.35
454.26
464.94
436.64
470.21
461.16
445.12
431
449.48
442.01
452.55
469.5
457.59
437.35
455.57
440.09
456.09
446.44
475.07
466.15
432.25
466.68
442.58
450.13
471.96
441.49
426.61
446.62
438.42
478.79
477.26
437.42
433.65
447.76
455.82
484.21
445.42
445.88
454.46
472.63
430.75
475.64
481.96
487.92
448.03
480.2
492.46
473.51
434.64
430.33
429.01
483.56
446.57
438.57
488.2
439.67
477.56
461.49
461.45
470.8
468.13
442.35
464.39
474.63
441.1
433.9
473.26
465.72
430.8
456.3
459.12
457.83
483.18
440.32
452.17
441.51
444.69
444.16
436.16
448.51
458.07
439.25
476.99
465.98
425.75
444.65
443.19
465.7
475.54
464.58
445.86
451.14
439.46
464.16
457.85
425.3
428.62
460.33
440.12
478.34
435.26
456.87
436.05
431.26
454.12
464.68
469.34
464.08
438.17
453.26
465.81
472.95
473.17
486.14
464.93
430.28
447.57
479.16
464.14
469.69
471.92
430.46
439.84
445
433.56
475.66
444.55
440.68
466.88
438.15
454.64
468.8
464.6
443.33
469.3
432.1
474.16
448.27
457.16
466.02
447.22
440.35
437.75
451.39
440.23
436.21
477.5
441.51
469.12
430.78
442.94
461.97
477.07
444.84
466.78
432.52
444.06
491.54
448.2
485.49
478.66
469.57
486.52
431.74
487.69
461.68
443.01
459.01
433.44
457.89
428.88
442.86
464.2
472.9
474.12
462.34
436.92
445.18
444.11
443.8
477.41
433.13
467.71
462.7
473.74
466
435.72
454.35
440.93
439.86
456.49
472.65
470.84
426.24
446.18
470.93
445.11
435.51
440.76
455.7
430.18
438.42
475.77
450.98
432.03
429.31
458.25
480.86
479.11
444.62
430.38
447.3
472.84
461.99
442.98
491.4
472.33
484.67
433.44
471.44
483.36
453.46
452
467.99
479.2
430.26
432.05
485.66
487.18
444.52
428.37
427.39
474.36
438.99
438.73
442.53
428.83
474.27
477.23
471.8
473.56
453.03
432.17
439.46
484.9
442.59
435.14
435.72
442.5
447.74
443.04
438.96
440.74
457.66
450.38
465.42
435.59
466.87
488.43
436.51
431.75
456.03
442.89
427.2
462.72
455.5
479.64
488.85
452.31
456.4
460.08
443.5
434.45
464.07
440.53
451.41
437.87
438
429.1
436.48
475.51
469.9
486.78
436.32
446.75
427.38
445.52
435.83
474.07
479.69
492.26
468.19
436.75
444.81
437.31
488.75
436.16
447.2
426.37
450.67
439.12
467.77
461.52
480.92
447.06
453.86
481.88
464.44
432.07
435.56
484.29
446.08
475.42
436.37
469.33
426.67
456.37
452.93
425.21
461.08
482.37
485.57
459.27
471.08
476.28
474.93
463.99
457.41
465.89
440.4
483.79
471.05
470.84
440.61
460.49
467.74
471.46
444.19
457.05
452.19
479.44
455.15
466.46
450.18
467.59
466.33
426.53
436.37
433.62
434.14
468.72
452.75
456.29
446.51
459.73
494.91
459.89
446.34
459.09
472.16
444.37
452.51
462.69
473.49
469.34
430.53
469.6
455.2
436.95
434.94
440.96
494.87
449.57
437.65
450.07
442.43
450.84
441.68
474.91
458.99
458.29
447.93
440.17
440.03
441.44
438.15
439.31
473.46
450.88
471.41
461.96
482.69
444.42
446.33
455.61
477.81
443.5
448.02
443.78
476.61
467.83
433.91
462.52
440.98
468.43
457.94
450.93
436.67
486.14
462.09
471.56
444.99
430.07
447.48
432.59
446.68
448.67
468.4
432
484.55
447.98
478.07
471.87
466.07
444.99
470.02
442.78
439
439.74
434.43
436.05
431.96
471.39
446.11
432.21
443.75
489.86
450.73
433.72
478.65
478.87
481.42
449.14
484.32
465.63
479.81
483.66
451.14
463.46
438.17
473.98
451.24
459.19
460.03
485.1
459.83
442.75
441.7
449.27
460.02
472.28
446.73
436.24
446.61
454.06
441.12
487.71
460.45
439.45
446.04
440.93
438.71
449.54
471.09
467.77
462.72
473.88
443.06
445.02
452.02
477.67
433.01
447.59
430.41
437.2
436.16
458.63
461.81
445.02
449.7
438.03
481.32
447.43
434.24
463.71
433.44
481.58
470.29
442.85
433.54
486.46
469.52
441.93
429.97
435.23
463.47
473.71
434.89
462.96
470.93
439.06
473.68
462.07
464.58
427.21
454.23
433.46
448.82
449.1
470.92
489.64
440.67
460.57
435.75
445.81
479.96
467.35
448.15
442.8
437.35
467.14
434.25
466.45
446.48
443.93
457.7
445.4
474.91
448.64
481.7
444.46
473.19
436.71
482.62
443.76
482.36
452.02
445.36
460.35
468.53
459.81
463.6
491.23
448.06
435.61
438.5
431.37
430.3
442.43
434.66
445.89
436.96
442.45
470.17
448.19
464.14
453.38
452.21
443.44
477.51
441.61
443.51
475.03
484.78
472.01
460.72
432.27
440.56
471.32
471.39
430.54
443.7
465.42
442.08
474.73
469.18
471.61
463.39
456.56
476.7
469.31
456.91
434.66
468.55
483.94
472.66
433.69
453.44
446.68
461.21
467.22
450.05
444.52
439.91
445.01
438.08
441.74
457
481.28
433.1
459.97
439.04
439.72
471.93
436.79
441.04
468.83
438.9
433.82
435.87
471.86
444.01
455.54
457.15
468.8
425.66
463.14
464.13
440.74
441.31
483.86
477.86
480.36
436.42
468.64
465.52
484.81
490.81
432.67
466.66
459.73
456.11
457.43
449.65
435.13
450.33
489.07
457.01
433.31
467.19
473.56
471.52
436.69
441.4
442.65
457.55
443.75
439.12
431.97
485.2
489.64
468.31
467.88
432.45
432.66
429.27
449.48
468.51
452.82
462.44
447.15
439.17
468.53
466.59
431.48
455.86
429.25
485.27
474.27
455.88
449.98
443.55
451.29
466.8
475.53
443.1
479.33
477.19
463.74
465.51
457.67
473.74
464.45
469.58
434.07
483.35
436.21
491.22
432.68
430.45
445.57
440.47
489.64
484.54
436.7
444.57
483.12
474.55
460.34
433.02
452.82
447.07
440.87
442.28
465.25
459.25
479.76
474.71
467.43
471.64
472.84
466.41
431.93
439.67
465.61
438.59
463.64
431.19
431.27
479.21
449.61
432.26
441.83
448.51
468.54
479.12
457.03
460.43
429.34
435.76
443.09
438.28
438
469.06
467.41
457.74
469.08
436.47
463.09
478.94
443.85
462.81
440.52
436.34
433.67
463.35
444.44
464.78
488.8
451.92
465.35
483.52
475
455.8
438.51
464.85
443.54
451.99
476.62
444.72
446.05
465.5
461.07
447.41
477.67
466.89
442.65
463.89
471.58
469.92
466.66
471
444.07
468.43
455.79
457.51
447.34
476.25
444.37
441.37
448
484.13
464.87
458.13
462.87
455.34
481.34
458.68
478.87
466.08
460.02
434.78
468.85
441.31
448.39
442.03
452.29
465.62
449.11
471.36
465.86
474.48
433.71
437.83
448.67
439.86
490.03
466.56
449.26
479.95
480.99
476.37
482.49
440.99
449.09
438.68
442.47
439.06
463.2
432.44
444.22
469.29
438.41
447.13
487.85
476.75
441.07
428.46
431.96
435.67
452.71
479.24
446.59
463.08
471.13
437.07
477.22
437.62
491.25
462.55
450.93
463.89
450.46
448.72
448.82
434.03
441.41
435.87
460.54
436.64
426.29
474.52
468.66
436.91
471.6
442.76
457.05
437.35
447.93
472.95
451.77
482.3
435.4
472.63
483.63
460.46
429.62
469.57
434.96
469.33
448.67
465.93
438.02
447.06
441.22
470.68
457.5
434.54
463.62
451.21
453.17
441.48
481.08
444.09
434.05
479.65
482.8
466.01
461.94
432.46
435.28
458.4
468.53
439.01
445.25
477.54
445.72
471.28
438.63
462.48
439.33
473.85
465.41
450.86
472.06
449.12
441.43
451.49
479.68
476.67
443.77
482.38
436.13
437.9
440.42
448.31
427.33
444.8
447.06
475.44
440.44
473.97
482.52
438.67
455.85
458.82
477.2
463.89
429.46
473.09
459.46
438.09
441.64
437.94
448.57
436.64
442.75
430.86
464.73
443.88
440.58
470.44
460.06
441.77
449.76
449.49
444.22
434.16
467.21
477.13
463.27
488.65
472.71
451.28
462.94
430.26
435.29
446.11
425.71
437.49
427.22
443.44
481.03
449.73
438.75
462.73
443.2
458.06
445.44
452.2
430.66
445.45
468.57
452
440.38
479.18
477.78
442.57
446.99
437.54
459.31
484.82
434.08
444.13
447.16
433.47
441.18
463.99
454.35
428.44
444.35
464.37
483.9
435.06
483.88
426.93
433.35
428.9
435.36
456.35
444.23
465.24
434.7
453.28
471.85
438.96
477.05
470.96
460.97
456.84
432.62
433.11
451.23
466.2
458.84
460.44
438.64
464.07
430.29
469.28
438.8
446.9
468.8
442.48
462.19
460.09
452.65
466.49
442.02
482.25
453.19
467.79
437.16
468.88
439.77
443.86
483.43
455.22
453.96
430.11
462.18
443.48
474.68
470.85
453.13
478.81
478.07
472.69
435.66
491.1
449.59
478.74
471.86
457.36
465.37
477.24
443.48
478.43
434.48
467.01
440.85
442.82
431.68
480.53
485.6
454.04
484.2
432.3
455.56
439.84
435.2
439.8
488.82
452.95
444.95
437.96
436.84
488.12
436.37
444.57
467.32
452.06
461.39
455.37
441.5
467.72
457.28
449.81
437.55
433.49
468.22
463.6
470.36
432.66
435.09
439.71
451.44
447.04
446.63
478.16
425.91
442.15
437.26
466.5
464.02
440.63
460.17
439.14
439.43
472.07
467.48
480.39
434.68
435.82
443.43
461.71
477.2
438.42
444.69
483.95
431.44
450.22
435.46
467.55
469.94
473.84
469.38
471.15
433.62
458.49
473.48
450.19
460.93
470.81
479.2
471.16
490.23
427.1
441.78
444.9
464.65
429.97
448.09
432.07
454.43
485.2
463.65
430.85
478.96
472.62
447.86
471.26
446.58
480.49
443.42
475.42
478.21
442.9
448.91
426.84
485.76
446.98
478.82
430.23
443.94
440.46
489.96
472.47
477.78
479.52
445.25
450.67
437.82
438.46
468.96
471.91
483.27
439.8
450.28
465
449.28
483.54
477.67
474.77
444.89
462.98
465.45
459.06
465.48
475.4
448.61
492.85
486.46
439.03
442.84
440.31
477.75
434.01
434.94
433.73
455.41
429.41
438.67
485.95
472.17
471.59
465.15
434.77
472.72
454.41
467.3
481.53
448.84
464.18
466.17
472.57
435.12
430.48
455.75
442.07
454.57
461.44
443.96
468.43
427.42
482.49
452.03
453.84
455.25
482.4
468.23
473.23
454.75
467.46
457.58
442.76
444.41
433.21
439.55
456.36
436.8
438.4
449.96
431.27
453.39
475.17
454.88
458.37
463.57
431.82
437.11
459.94
476.06
437.72
436.17
484.71
441.33
453.2
481.64
472.61
437.4
486.81
468.88
448.35
453.12
442.89
457.09
449.43
465.88
466.03
435.79
444.71
475.06
440.52
459.12
425.35
447.29
439.2
450.6
466.73
475.02
488.5
443.59
467.6
483.74
459.26
447.26
438.19
486.58
445.75
432.43
438.17
460.4
474.29
454.62
479.28
466.7
447.96
442.23
475.59
462.69
437.47
471.7
449.81
463.71
466.38
483.82
452.16
441.23
469.25
438.51
443.46
476.18
439.18
447.46
442.53
458.31
448.91
490.11
457.26
433.01
445.31
441.34
448.32
452.6
446.36
485.23
426.31
462.78
462.09
482.56
434.97
432.75
426.82
469.75
452.55
432.18
456.68
436.42
445.67
489.52
440.68
472.19
431.76
445.61
437.38
448.21
443.09
488.05
480.05
450.08
431.77
466.29
453.02
450.67
439.12
490.02
442.78
480.48
494.39
440.09
479.08
440.89
456.18
455.12
437.4
453.88
449.07
431.23
433.97
462.05
462.74
459.69
472.41
430.2
466.29
453.2
483.08
467.42
451.37
447.2
492.06
481.46
471.63
433.44
452.15
481.02
466.54
445.3
446.91
439.79
476.29
446.2
445.5
463.35
437.55
463.09
446.83
475.86
439.3
447.01
464.67
448.3
425.41
464.48
455.86
433.71
473.26
452.94
464.25
430.35
466.27
428.69
466.7
464.63
480.01
439.77
449.01
466.85
428.77
481.83
449.1
432.5
478.29
435.27
441.76
470.93
439.66
436.37
453.76
477.5
475.65
433.59
430.24
431.03
444.14
448.09
452.2
467.71
439.37
430.24
455.93
486.33
452.01
465.14
463.86
440.2
440.79
485.83
490.96
430.82
436.37
453.5
450.33
445.17
442.82
455.58
447.92
430.22
445.03
467.82
467.83
451.14
446.86
449.08
432.22
437.98
450.29
434.38
479.6
439.55
463.03
437.18
436.46
489.96
461.35
439.75
434.03
442.33
481.88
431.44
431.36
448.04
480.47
472.73
441.14
429.58
468.87
472.43
436.42
485.23
432.41
458.94
428.52
442.18
439.51
471.63
450.48
462.35
460.07
446.22
446.03
477.03
441.99
435.94
488.65
469.93
444.64
458.25
436.05
434.09
480.4
474.57
438.46
433.48
462.07
447.42
447.64
435.74
428.73
441.91
482.17
461.14
468.93
439.93
440.04
458.59
480.74
463.89
438.47
432.54
437.2
474.59
476.69
463.51
449.7
475.38
441.77
446.2
436.04
469.41
454.86
475.14
451.79
448.59
444.09
434.93
440.86
444.54
444.66
444.09
472.53
464.18
467.09
474.58
484.57
434.67
440.27
436.44
469.55
475.24
438.62
429.94
449.59
453.74
482.89
460.26
438.84
467.31
441.88
445.35
447.14
441.2
438.83
440.79
431.24
441.08
441.56
485.8
479.66
442.39
476.81
474.15
452.56
470.07
471.17
437.17
462.65
442.2
441
461.49
444.39
447.47
463.22
466.34
452.7
477.69
492.12
441.29
492.12
455.72
453.18
474.22
465.2
469.93
437.4
482.58
466.52
470.39
485.87
458.62
441.26
475.36
477.18
445.39
452.33
441.71
435.93
444.66
437.16
469.85
440.94
434.93
448.54
449.75
428.69
462.66
436.16
435.57
479.42
441.04
477.9
450.55
436.3
467.1
428.25
430.45
436.75
463.49
436.89
457.1
476.4
481.56
445.27
432.2
450.23
437.14
487.49
438.6
468.27
440.28
435.79
485.36
450.04
447.49
485.57
438.52
435.21
477.38
463.6
436.03
449.77
441.33
455.88
443.12
436.68
462.92
437.91
436.26
434.12
445.71
484.85
451.96
464.09
475.48
446
467.9
458.67
445.75
474.6
439.68
437.65
484.5
432.6
451.5
481.6
440.52
445.37
451.42
442.04
449.99
482.34
469.96
480.74
464.22
470.38
453.99
430.22
483.86
445.37
463.22
448.01
469.18
437.67
455.13
430.32
471.42
457.8
474.07
451.93
465.32
461.36
457.77
436.82
468.46
428.61
488.53
447.86
446.33
429.08
457.46
466.38
471.43
466.68
460.25
478.88
465.15
457.61
443.47
435.27
471.82
433.59
494.84
460.11
478.3
460.03
458.66
466.64
464.23
462.66
467.06
460.53
435.13
455.42
439.32
475.06
443.87
442.5
465.54
453.13
458.42
474.9
468.82
437
443.12
454.36
481.14
469.13
433.47
476.81
432.07
438.62
434.26
446.17
486.35
438.53
467.95
479.31
440.99
433.02
447.13
482.19
434.55
441.2
478.89
447.06
449.57
453.47
487.17
440.51
473.94
479.78
437.26
478.7
453.58
457.98
438.99
480.25
447.67
461.07
456.7
477.37
470.03
428.54
440.57
458.87
455.07
448.68
442.13
428.05
443.3
453.05
428.84
425.82
442.93
473.78
483.13
441.81
474.72
435.85
460.19
447.16
467.47
440.58
441.13
477.76
462.21
454.88
456.57
452.41
479.91
441.51
451.9
442.22
434.92
476.73
442.37
451.21
429.69
464.64
440.51
447.88
478.52
443.67
457.73
434.91
468.85
438.08
458.61
441.56
429.96
476.49
470.22
480.73
442.85
458.26
474.79
450.89
458.09
466.95
466.5
436.77
437.38
433.94
441.5
445.31
445.91
440.13
456.62
437.6
465.74
450.53
435.84
471.19
445.4
466.17
447.66
449.51
467.92
482.98
475.89
440.86
464.76
451.66
448.52
453.5
453.38
432.45
445.83
434.7
478.82
428.27
476.71
437.76
433.83
442.87
466.2
467.25
484.26
470.63
457.91
436.59
465.37
445.32
448.26
487.15
481.55
431.67
470.9
447.31
453.67
431.38
427.9
432.33
461.38
453.8
461.03
435.56
437.73
443.5
444.93
471.23
464.26
426.14
468.74
488.03
431.69
434.67
472.79
470.75
444.86
457.07
463.37
446.31
443.66
434.74
426.48
436.53
468.78
441.32
445.03
441.03
454.44
439.55
466.79
439.2
432.2
435.91
433.05
458.74
435.69
469.6
448.92
442.84
449.68
454.88
439.36
492.96
442.47
464.56
436.36
471.43
444.43
448.13
459.87
450.25
435.56
451.94
474.46
468.46
454.25
425.64
473.16
472.5
473.09
438.5
465.43
441.5
440.55
435.77
471.77
426.46
471.99
427.65
476.04
444.81
438.67
474.93
467.5
443.51
481.37
432.56
448.5
453.29
472.18
451.79
451.03
435.7
476.02
437.44
445.05
432.26
425.14
447.62
440.48
474.64
443.44
467.23
445.18
438.39
435.02
457.74
439.75
438.31
463.83
484
436.87
449.11
430.61
477.01
445.79
440.2
441.68
433.45
437.04
437.03
438.68
459.73
434.12
485.7
443.92
438.89
476
481.88
485.02
437.11
474.1
447.31
435.9
483.74
460.57
429.73
468
467.69
449.23
454.4
478.8
431.37
472.45
443.66
446.48
439.31
432.57
474.4
466.39
440
463.32
467.2
430.4
462.37
476.6
431.92
439.74
467.44
461.61
474.69
461.34
441.68
473.39
449.59
429.57
428.32
455.53
434.06
462.59
481.24
446.4
463.57
436.46
430.1
434.38
481.08
460.01
444.26
468.57
457.8
448.69
456.84
466.05
442.32
485.95
466.86
453.54
484.44
456.52
466.75
435.98
430.79
447.16
449.57
453.83
443.67
440.66
468.98
446.44
470.41
438.31
473.82
454.97
428.83
454.16
440.38
432.28
476.41
452.66
442.14
484.42
450.61
436.29
449.98
453.25
439.35
440.81
445.91
438.4
466.81
442.78
476.44
438.36
462.21
464.17
443.6
439.72
472.22
441.46
455.11
483.62
431.12
436.94
446.84
472.55
463.64
457.72
456.49
454.18
440.67
459.63
439.72
425.29
449.6
443.26
446.94
479.17
442.83
440.01
466.36
442.85
448.37
475.43
465.58
459.45
458.3
431.1
483.59
477.73
435.56
482
437.06
448.97
480.26
442.65
467.34
473.2
476.04
479.25
474.24
435.46
459.75
471.24
428.79
443.25
435.57
454.18
435.62
435.25
445.49
432.44
434.61
464.79
466.05
463.69
465.84
433.34
444.69
447.63
450.36
478.38
433.82
431.12
431.8
465.57
441.01
446.26
436.8
477.61
480.59
476.64
458.59
466.69
438.97
438.63
434.45
439.68
488
484.21
459.86
467.01
465.86
431
466.61
463.57
459.4
447.93
468.27
447.03
470.66
430.2
443.99
439.03
432.98
481.59
474.76
485.08
431.35
472.14
472.34
437.41
466
451.37
433.88
442.7
451.41
440.46
439.58
426.18
443.18
444.59
469.69
441.39
445.39
463.18
458.73
479.45
462.19
445.8
436.45
470.66
470.82
445.26
433.34
438.78
465.97
437.65
467.42
449.21
430.82
433.57
446.79
474.26
447.3
445.86
428.67
487.43
460.44
437.53
461.46
434.36
425.28
473.02
439
458.46
466.75
454.74
443.8
441.28
444.68
446.49
434.15
445.95
447.67
434.54
461.7
470.41
445.1
460.94
485.26
465.61
486.11
474.81
434.79
473.57
464.44
452.84
465.82
439.51
445.29
438.73
458.55
464.86
486.55
463.44
452.85
437.11
438
478.13
447.89
487.17
468.4
475.72
475.04
439.55
434.98
439.51
468.82
437.04
435.98
439.3
436.03
438.44
467.21
468.4
440.05
435.45
483.87
434.85
431.44
458.59
444.85
471.16
449.81
469.65
473.61
472.22
476.03
427.11
468.67
454.72
431.31
452.04
475.85
460.7
468.64
437.62
439.16
429.86
465.01
487.3
479.3
477.78
454.15
449.63
443.86
434.37
445.33
447.05
447.3
438.6
436.92
438.88
439.9
488.53
484.42
478.37
426.1
470.17
467.33
445.96
468.28
454.29
437.9
438.62
436.76
439.09
450.62
449.65
469.22
445.19
443.66
438.61
437.14
456.18
467.1
433.31
479.16
476.88
471.38
473.59
435.02
455.6
465.2
463.77
480.8
433.58
480.83
459.8
440.98
464.81
451.52
439.49
429.59
442.66
456.25
481.35
483.92
443.77
439.32
489.05
444
434.51
433.57
442.72
472.77
471.85
429.57
444.1
437.64
442.99
473.12
434.99
478.43
430.92
435.2
460.47
460.47
431.59
444.44
432.65
434.38
484.04
467.3
480.21
432.93
447.19
491.4
440.12
457.12
443.94
442.46
448.79
443.87
443.8
476.68
479.61
461.38
449.23
476.22
443.75
473.44
441.22
478.88
464.95
451.38
468.3
449.45
450.99
433.28
483.11
446.3
436.38
464.5
448.47
430.63
439.18
475.69
469.35
431.92
459.15
450.77
430.15
495.21
483.2
446.57
457.29
453.29
445.22
472.37
435.41
449.63
433.42
451.44
485.17
466.13
474.49
439.6
440.65
436.58
485.24
472.54
468.14
434.44
448.13
457.37
458.12
470.17
438.82
487.71
453.24
448.15
462.01
446.34
435.2
469.75
441.87
460.08
470.98
467.03
472.94
479.87
437.06
450.26
464.86
425.16
476.63
482.99
457.12
443.93
447.85
449.74
447.11
488.32
431.64
458.18
453.29
432.94
445.84
470.05
474.13
450.98
425.75
449.4
425.91
466.15
430.67
441.85
441.61
473.62
469.15
445.41
440.99
473.11
467.51
444.46
446.7
439.36
441.81
471.48
429.18
436.51
467.44
445.09
464.9
437.49
463.47
489.62
466.74
466.24
476.12
452.09
444.19
437.61
440.43
437.81
467.6
477.78
442.71
462.25
450.74
435.45
436.64
457.98
436.89
461.29
448.46
455.58
445.24
450.94
453.38
482.1
447.14
464.93
466.73
429.86
485.86
450.5
437.87
452.42
444.65
457.88
445.72
448.65
432.87
448.88
452.27
453.34
441.92
434.83
463.4
454.51
436.65
448.96
431.19
471.59
478.05
466.83
428.72
454.62
474.75
469.34
455.75
429.7
445.56
444.57
452.85
488.58
452.43
480.05
484.16
433.24
473.59
433.37
430.58
455.5
455.63
449.34
479.14
464.05
462.54
470.89
480.56
436.08
462.65
438.38
487.84
447.77
449.52
456.62
471.49
463.88
441.28
453.45
444.19
436.31
463
438.74
476.67
443.53
440.06
480.11
483.1
466.86
431.99
455.71
469.93
444.63
476.09
447.47
439.97
473.56
441.08
466.12
464.16
455.07
437.76
459.67
440.96
440
454.4
472.76
438.54
470.35
436.21
450.69
431.72
465.61
447.18
467.22
436.43
489.1
446.1
443.78
440.74
458.67
464.68
447.36
441.3
453.47
465.16
462.59
444.56
458.67
459.83
470.31
444.27
458.06
452.13
466.64
436.42
430.07
478.42
469.23
440.99
443.73
451.67
435.69
480.49
474.82
462.39
426.2
427.42
430.83
438.24
438.5
447.5
480.14
480.54
445.55
479.97
425.55
448.5
429.32
430.17
461.23
437.94
473.72
471.44
448.4
468.63
465.87
435.75
443
453.15
456.71
471.19
436.64
475.08
441.34
466.59
453.19
434.4
438.36
479.66
440.04
437.93
440.59
456.61
437.61
464.57
430.92
442.84
435.17
469.52
465.78
433.32
487.19
476.28
458.15
468.23
479.86
491.97
430.66
434.5
435.71
437.67
426.8
439.65
480.38
482.17
435.75
459.23
473.77
466.47
431.18
463.7
445.09
462.87
446.77
441.25
470.1
438.18
450.32
437.65
470.92
478.34
447.16
441.35
435.39
438.7
475.23
453.45
436.36
467.53
444.6
462.48
469.53
436.62
435.02
483.88
460.01
466.2
431.55
470.84
460.77
463.05
452.75
429.66
488.2
431.84
465.29
460.57
452.38
469.8
443.15
437.27
470.18
430.55
462.29
433.19
431.23
479.82
436.24
438.46
474.88
442.67
469.33
447.06
439.69
456.48
421.57
441.85
428.54
471.96
436.17
430.07
468.96
434.47
428.44
474.56
433.08
448.18
454.87
445.72
438.35
438.32
439.02
466.99
486.94
446.86
436.02
449.41
445.34
443.76
437.39
453.33
484.03
452.82
478.76
454.11
465.46
469.94
467.96
435.68
491.49
452.84
484.86
484.51
442.28
469.86
475.01
441.78
480.84
486.41
435.92
445.44
456.29
434.11
446.74
442.27
433.01
486.91
459.81
461.6
431.81
474.87
446.57
442.35
435.41
438.9
465.89
442.7
459.1
430.88
430.64
455.11
461.74
433.97
431.69
460.87
434.27
425.12
452.39
482.67
439.08
477.2
467.71
442.86
454.14
440.75
440.97
453.49
452.18
464.27
433.26
441.41
475.75
443.23
446.87
441.74
437.4
480.36
434.64
444.17
440.32
442.93
445.45
428.28
438.26
468.19
450.33
440.45
440.7
464.91
480.04
461.97
434.94
457.14
451.5
442.26
469.63
438.47
448.65
476.58
477.38
440.43
442.5
432.28
451.06
430.65
452.08
431.74
446.77
474.92
468.8
460.95
427.83
450.71
456.12
435.6
442.3
449.74
471.24
449
437.18
434.67
429.85
483.51
481.86
467.8
450.02
474.22
435.05
474.51
438.93
454.58
483.56
463.61
437.13
434.83
476.8
463.61
437.49
428.26
435.27
438.09
453.02
471.32
434.14
443.44
457.64
477.22
432.88
465.13
466.56
440.05
440.3
435.84
450.92
449.01
474.87
460.14
435.95
479.2
467.04
465.25
470.39
494.75
466.83
444.39
470.67
483.72
441.83
469.47
447.02
454.16
477.51
454.25
435.89
463.68
454.5
445.59
461.64
461.88
461.06
460.3
446.22
457.9
457.81
442.29
450.64
449.88
478.65
440.78
464.23
441.45
489.11
468.49
433.89
445
454.72
464.36
439.25
427.71
461.56
437.02
434.78
461.61
437.37
459.79
442.71
441.21
435.48
440.96
469.73
445.59
437.51
459.68
479.86
478.27
465.64
477.31
465.32
447.46
474.66
455.71
446.2
473.63
458.6
490.41
439.96
439.66
439.33
464.9
469.09
468.58
441.92
466.93
474.73
447.14
446.87
454.54
452.65
442.78
449.38
433.94
473.08
448.43
474.36
459.6
466.27
448.93
440.85
434.86
453.27
428.6
469.37
447.84
479.32
446.95
444.23
431.72
473.22
431.37
466.78
477.8
450.07
455.44
428.58
445.93
439.06
458.27
426.07
475.61
479.45
441.9
429.53
446.01
451.97
440.17
463.58
441.29
442.11
427.53
429.21
474.08
435.21
435.74
439.66
457.76
440.64
466.52
449.98
478.78
463.79
465.24
447.35
454.42
437.82
431.15
462.72
441.65
478.88
475.62
479.23
437.33
453.42
477.91
450.87
474.03
437.5
480.7
450.68
472.17
437.06
443.77
474.16
456.25
467.72
452.96
446.75
464
432.35
462.88
452.5
471.19
466.88
427.06
467.4
470.14
474.45
478.69
451.02
466.06
453.08
471.23
440.9
435.02
452.5
464.25
462.96
478.53
449.08
477.85
451.96
462.44
443.41
470.59
441.85
439.4
441.84
489.09
428
466.69
462.46
463.64
472.43
449.03
481.44
440.17
446.87
435.34
463.72
447.04
436.89
458.04
454.62
432.02
483.82
441.15
437.87
486.05
432.26
440.08
450.4
432.44
434.45
456.97
436.77
431.85
449.13
452.83
442.75
432.2
447.61
448.51
446.93
465.03
440.67
434.55
481.61
469.4
466.38
451.17
465.94
454.69
448.92
486.3
427.83
435.04
466.38
465.14
486.34
476.57
455.51
463.1
473.4
439.08
448.75
445.6
460.63
457.3
477.12
454.89
438.45
436.33
466.75
438.33
447.1
469.32
456.08
433.96
447.95
491.29
452.82
445.41
474.42
426.28
461.31
442.4
479.28
465.22
432.95
480.35
439.8
440.75
459.76
439.37
474.28
439.2
446.92
442.86
436.26
464.86
489.66
494.43
441.52
435.64
445.5
433.48
444.77
452.73
441.54
435.15
449.4
432.98
472.95
457.55
432
451.09
465.89
454.59
446.7
434.56
490.23
465.77
480.83
465.41
427.69
451.03
439.38
465.42
446.71
476.97
430.91
448.27
471.42
436.12
434.94
471.83
443.73
441.44
455.34
477.82
464.14
454.53
428.62
469.55
473.96
460.91
442
493.3
437.83
478.34
444.74
430.67
452.28
480.87
437.88
463.36
437.22
483.49
475.58
464.7
490.76
474.94
452.77
474.16
456.98
454.23
430.05
433.38
458.93
483.59
428.87
442.9
459.43
471.49
466.51
483.63
436.47
452.86
452.56
455.53
442.13
479.01
462.64
464.17
439.78
460.87
449.94
472.32
432.27
439.22
473.75
436.81
465.47
475.64
449.6
430.86
430.91
479.53
474.3
476.72
439.82
478.88
436.6
461.73
480.6
472.16
462.87
441.47
441.58
452.8
430.06
458.8
480.62
445.1
465.53
482.57
477.62
467.81
471.3
462.86
475.43
451.4
474.57
442.32
469.34
448.58
473.05
428.1
446.7
469.67
465.64
479.08
444.43
484.65
446.19
427.62
456.88
443.02
479.62
472.86
451.86
466.87
466.56
452.67
437.45
470.06
425.19
430.47
441.3
443.95
452.31
431.7
446.41
452.07
479.74
446.57
452.94
476.46
449.99
451.26
483.17
438.24
454.97
457.09
444.99
456.04
442.44
462.8
451.75
465.22
469.13
459.62
432.6
434.43
464.11
459.89
450.92
430.5
444.57
436.01
426.85
472.44
443.57
433.08
431.57
449.41
466.67
473
479.95
448.51
439.47
451.78
437.19
486.4
476.12
457.02
473.54
435.12
440
472.81
464.44
488.67
434.14
439.4
437.51
440.48
451.95
480.38
470.45
474.7
454.99
474.07
467.34
434.11
454.47
473.2
488.01
458.41
482.26
429.39
477.3
456.04
458.67
468.78
438.55
438.62
447.18
476.42
449.67
448.04
445.56
482.47
450.83
442.6
430.16
434.84
440.12
433.28
478.25
444.42
434.43
434.41
429.48
465.61
434.4
450.41
436.23
428.72
474.1
441.57
432.07
472.95
450.23
438.79
446.16
443.04
448.77
441.07
453.31
439.75
454.72
440.15
431.77
461.71
444.99
465.85
442.85
425.72
427.45
441.16
481.02
443.63
472.04
491.37
429.85
476.83
457.53
479.58
485.5
435.22
441.37
478.86
442.54
463.1
464.07
440.12
460.33
431.38
484.97
439.63
433.59
485.3
434
465.72
480.08
430.17
471.61
448.86
427.91
445.36
461.57
439.05
463.86
461.49
474.51
429.23
450.81
471.05
473.9
429.84
486.7
455.91
467.74
452.41
427.65
453.99
435.95
425.89
430.59
461.25
464.55
480.68
465.16
480.74
457.89
472.46
431.22
442.87
453.22
475.07
489.59
481.47
432
468.22
445.34
451.49
440.18
440.47
432.93
430.59
428.67
467.28
445.92
443.31
470.03
463.92
434.02
463.71
482.97
442.21
452.11
433.84
485.86
434.18
444.76
448.8
476.69
459.01
448.24
437.92
439.78
494.24
433.04
446.7
456.77
486.12
469.9
437.08
432.46
464.59
464.41
475.29
475.77
449.06
465.17
432.92
479.19
483.58
429.72
436.67
479.91
473.13
467.87
444.9
466.47
448.77
478.23
475.47
471.23
472.9
463.2
442.12
466.24
459.06
472.45
441.18
432.33
445.16
447.09
460.25
469.34
445.29
438.12
427.55
454.29
451.69
465.28
453.89
459.96
443.76
472.67
440.77
492.09
482.43
448.11
446.63
460.54
425.68
458.69
468.02
450.71
449.54
439.73
467.95
437.02
462.7
486.26
455.72
457.75
436.07
483.94
439.06
465.92
432.92
448.06
437.93
479.8
446.62
457.29
438.05
463.13
471.03
486.36
450.14
432.78
458.5
431.77
450.14
433.81
480.07
479.24
443.06
445.64
438.47
477.04
475.02
434.78
456.8
425.34
447.95
461.12
452.06
483.38
442.57
439.46
468.47
465.66
456.71
431.82
442.77
484.03
450.57
442.13
441.22
441.76
466.51
447.09
438.86
459.9
435.2
458.46
444.65
473.42
461.68
431.26
455.28
475.52
425.35
451.76
444.46
446.18
436.09
457.94
470.94
438.25
430.62
437.31
473.66
434.53
436.46
464.7
434.21
438.39
435.12
432.91
444.63
447.37
430.34
446.33
426.6
454.14
440.66
456.03
442.19
455.14
442.19
482.96
441.71
458.36
470.32
478.05
437.81
477.5
434.48
427.4
453.95
468.75
438.82
438.55
437.81
482.36
445.74
484.33
437.57
433.99
427.84
448.56
434.77
470.99
439.66
437.37
438.11
428.24
455.25
433.89
458.67
478.21
440.26
483.56
436.3
460.31
438.36
438.08
444.78
448.26
426.48
456.4
486.91
438.97
465.24
448.83
440.74
483.43
436.06
457.17
428.93
469.02
469.76
447.54
453.34
434.35
457.32
457.07
434.83
469.74
470.5
452.84
447.46
447.45
436.39
480.54
436.77
468.21
472.54
462.52
432.88
480.72
481.3
433.45
439.46
434.5
448.26
479.78
437.95
429.42
478.13
484.25
465.87
489.78
443.68
434.65
467.54
460.81
488.69
472.98
455.83
478.77
461.62
456.64
454.05
439.73
456.58
437.01
473.46
429.05
476.37
431.21
428.96
429.35
479.74
426.56
450.26
476.87
482.2
477.34
469.12
443.52
446.44
437.7
454.13
431.46
449.79
444.05
437.42
468.14
474.61
453.4
441.33
478.05
450.35
481.89
432.06
449.8
439.98
484.75
486.07
426.69
446.88
446.8
444.76
476.91
480.21
467.53
459.42
431.39
437.13
483.36
487.08
435.04
485.43
429.5
437.95
473.56
480.96
481.78
435.56
470.37
464.14
438.48
464.88
448.65
443.9
442.65
452.6
481.3
435.09
440.28
458.75
427.96
448.15
480.08
436.75
439.48
484.14
432.13
442.67
433.46
478.61
454.28
430.82
428.74
432.96
483.26
489.45
436.25
451.95
461.23
481.93
443.93
437.55
482.96
452.66
454.66
430.85
454.78
441.11
466.33
448.39
432.58
463.99
454.89
430.53
443.89
489.6
474.31
451.82
441.29
477.93
444.58
449.22
440.16
465.13
440.87
450.74
429.31
435.31
442.58
449.34
442.71
466.25
442.26
449.04
443.94
467.37
471.32
463.16
476.1
439.91
479.18
436.69
491.32
436.15
442.24
475.8
449.36
440.87
438.92
485.73
444.03
468.35
468.35
452.26
463.49
440.92
472.51
426.58
445.52
430.37
440.76
495.76
462.26
433.72
479.69
441.52
444.38
442.3
473.92
442.11
439.34
468.63
448.85
431.92
466.8
467.83
444.74
437.18
442.38
469.52
430
430.62
448.76
435.82
433.85
435.22
435.7
449.03
460.45
450.17
435.6
467.65
446.32
477.5
441.54
453.2
465.62
462.83
469.27
482.39
456.65
458.75
475.73
483.74
476.96
457.45
473.99
450.86
448.58
460.64
465.77
434.1
442.18
484.18
473.87
462.19
477.94
489.96
431.39
433.74
469.11
456.42
467.62
471.42
463.26
464.15
460.6
451
484.21
444.71
455.31
446.67
481.51
425.74
471.55
468.61
467.42
438.56
443.06
444.5
463.81
432.88
430.53
459.78
436
431.25
457.28
468.87
479.15
427.84
447.12
434.88
436.74
486.83
442.97
445.85
473.27
454.26
479.64
481.44
473.76
484.63
449.74
436.33
437.47
456.87
482.46
438.24
443.53
440.43
443.43
471.43
430.3
480.05
443.79
441.32
446.26
469.37
462.6
455.24
442.87
481.24
440.95
464.38
456.08
481.41
425.27
432.52
442.38
446.64
432.92
435.04
464.12
459.95
437.29
440.81
484.45
456.83
470.87
466.78
475.01
440.52
473.89
439.37
469
473.72
433.76
482.39
491.38
460.67
438.73
450.55
472.65
448.35
441.08
441.9
457.01
429.15
429.93
485.21
439.76
442.24
453.3
486.39
464.27
438.87
439.19
433.37
435.78
444.54
441
476.7
442.13
459.66
437.45
432.84
440.51
450.53
476.49
445.33
473.47
456.55
435.14
449.65
433.24
447.75
442.92
440.87
441.61
445.19
434.71
462.58
450.57
467.29
436.51
431.03
429.36
432.9
450.31
477.27
436.15
435.11
459.38
486.84
481.87
430.22
477.19
464.4
484.2
435.36
455.55
487.35
446.18
432.11
472.16
430.8
464.71
475.61
454.71
466.74
442.56
472.17
439.91
441.75
483.49
454.6
492.39
442.84
438.15
462.73
436.58
435.51
431.81
430.49
454.02
458.56
465.81
479.62
479.21
478.8
442.23
458.49
438.04
441.71
447.82
480.82
470.88
477
468.84
431.62
438.67
430.69
466.1
450.07
439.56
460.61
432.82
426.3
471.6
471.43
474.65
443.89
464.85
437.85
485.35
453.47
436.5
438.76
449.13
463.1
466.7
480.38
431.7
450.16
468.8
470.8
468.35
475.13
456.54
444.59
444.07
439.66
431.29
438.08
439.87
456.44
463.53
472.62
464.56
466.01
471.42
468.69
467.46
451.38
468.5
431.77
449.66
485.25
430.89
440.12
428.6
474.4
447.13
469.41
434.98
455.23
437.47
461.07
436.62
432.99
443.66
442
435.17
448.03
452.45
442.17
461.47
442.29
478.82
432.81
479.95
461.54
450.25
435.58
449.59
453.24
459.04
444.53
486.2
466.75
464.82
477.17
449.64
430.14
446.05
460.84
426.35
461.56
441.15
436.19
466.72
462.4
454.9
475.42
465.74
487.19
434.74
437.97
442.42
433.36
464.01
431.11
487.78
476.74
445.11
460.99
463.58
438.54
460.2
444
456.21
446.62
449.24
432.13
435.32
447.02
436.88
474.28
433.61
439.63
488.57
448.89
451.33
446.46
475.47
434.64
443.22
434.65
467.2
465.28
433.29
455.21
467.02
472.43
433.64
480.13
433.07
441.58
463.77
432.93
485.61
440.99
451.28
463.79
442.85
439.93
458.53
445.52
435.81
473.62
458.6
430.12
438.08
472.54
493.16
432.33
466.2
431.83
484.19
435.57
434.76
479.83
481.94
446.68
432.8
467.74
447.28
449.55
444.59
465.09
431.96
460.1
446.22
441.99
444.51
447.69
436.5
474.03
436.12
479.65
426.79
442.9
431.93
450.64
434.08
435.22
473.31
482.99
470.92
452.82
466.95
467.18
439.65
448.72
469.81
448.67
444.69
446.15
445.66
468.81
459
484.64
471.73
431.23
478.36
450.48
481.75
437.27
470.11
428.12
431.33
446.55
445.18
477.86
436.69
436.6
462.49
438.43
442.64
434.29
481.3
437.28
449.74
446.58
441.61
439.6
463.02
489.62
470.33
446.33
464.5
469.61
473.16
484.31
450.38
439.49
469.97
456.85
475.76
479.28
448.85
